_r,id,RAJ2000,DEJ2000,release,brickid,objid,type,pstar,gmmcomp,zphot,e_zphot,fclean,fqual
0.008676,8000323786000111,154.698386725149,-1.367459134243,8000,323786,111,PSF,0.003,P6,0.611,0.163,1,1
0.002221,8000323786000169,154.697302703445,-1.357501493813,8000,323786,169,DEV,0.184,D8,0.494,0.12,1,1
0.001362,8000323786000170,154.697190298371,-1.359044933774,8000,323786,170,DEV,0.001,D1,0.4,0.029,1,1
0.005325,8000323786000171,154.700826931114,-1.36102023797,8000,323786,171,DEV,0.001,D2,0.401,0.027,1,1
0.004215,8000323786000172,154.699196997898,-1.356625544292,8000,323786,172,REX,0.003,R4,0.414,0.111,1,1
0.004484,8000323786000173,154.700260311932,-1.359887022992,8000,323786,173,REX,0.003,R4,0.402,0.098,1,1
0.002406,8000323786000174,154.693495529009,-1.358594045411,8000,323786,174,REX,0.01,R4,0.37,0.07,1,1
0.008601,8000323786000175,154.702574107883,-1.364510700588,8000,323786,175,REX,0.003,R4,0.396,0.068,1,1
0.005142,8000323786000176,154.691266823939,-1.356799381557,8000,323786,176,REX,0.759,R4,0.382,0.072,1,1
0.006842,8000323786000177,154.700224521402,-1.364414334741,8000,323786,177,REX,0.003,R4,0.417,0.069,1,1
0.006035,8000323786000178,154.699747492148,-1.354572783608,8000,323786,178,EXP,0.155,E8,0.439,0.091,1,1
0.005139,8000323786000179,154.700972817265,-1.359234532325,8000,323786,179,REX,0.012,R7,0.356,0.2,0,0
0.00773,8000323786000180,154.703362567709,-1.360926882569,8000,323786,180,PSF,0.002,P6,0.803,0.191,1,1
0.009045,8000323786000181,154.703928882176,-1.363205478664,8000,323786,181,REX,0.002,R1,0.683,0.257,1,1
0.00753,8000323786000182,154.702531105032,-1.362611733216,8000,323786,182,REX,0.017,R0,0.707,0.288,1,1
0.009222,8000323786000183,154.702022597861,-1.366004202239,8000,323786,183,PSF,0.001,P0,1.127,0.736,0,0
6.16E-4,8000323786000184,154.696308789406,-1.358775296317,8000,323786,184,DEV,0.006,D6,0.85,0.109,0,0
0.009553,8000323786000185,154.705194267604,-1.361084840776,8000,323786,185,REX,0.001,R2,0.985,0.472,1,0
0.003513,8000323786000186,154.69319188711,-1.356849418487,8000,323786,186,REX,0.029,R2,0.767,0.284,1,1
0.005107,8000323786000187,154.698395883662,-1.363584585816,8000,323786,187,REX,0.006,R0,0.716,0.252,1,1
0.009494,8000323786000188,154.704856335663,-1.362128852797,8000,323786,188,REX,0.003,R5,0.916,0.227,1,1
0.006963,8000323786000211,154.6919144214,-1.364923505564,8000,323786,211,REX,0.041,R5,1.233,0.4,1,1
0.006345,8000323786000212,154.691591721647,-1.363887068806,8000,323786,212,PSF,0.002,P9,0.921,0.395,1,0
0.009014,8000323786000215,154.68845557101,-1.364349112761,8000,323786,215,REX,0.0,R2,1.228,0.419,1,1
0.006477,8000323786000299,154.689389003368,-1.358498673843,8000,323786,299,REX,0.015,R7,0.53,0.234,1,1
0.006247,8000323786000369,154.692198442913,-1.354084903131,8000,323786,369,EXP,0.02,E8,0.524,0.08,1,1
0.007401,8000323786000370,154.692813728267,-1.352408821011,8000,323786,370,REX,0.001,R7,0.998,0.173,1,1
0.009215,8000323786000371,154.69246308299,-1.350589533944,8000,323786,371,PSF,0.002,P7,1.924,0.572,1,1
0.008404,8000323786000372,154.692846454408,-1.351310622861,8000,323786,372,REX,0.007,R2,0.793,0.314,0,0
0.007171,8000323786000373,154.695107026767,-1.352032426041,8000,323786,373,PSF,1.0,P2,0.979,1.321,1,0
0.008968,8000323786000400,154.689306365276,-1.353015321818,8000,323786,400,REX,0.007,R5,1.102,0.236,1,1
0.008683,8000323786000337,154.70409051108,-1.3564742055,8000,323786,337,REX,0.001,R2,1.103,0.318,1,1
0.008852,8000323786000338,154.703806675707,-1.355317745195,8000,323786,338,PSF,0.001,P7,1.2,0.386,1,1
0.008581,8000323786000429,154.699223497618,-1.351283779284,8000,323786,429,DEV,0.83,D6,0.497,0.098,1,1
