_r,id,RAJ2000,DEJ2000,release,brickid,objid,type,pstar,gmmcomp,zphot,e_zphot,fclean,fqual
0.007664,8001592628000119,225.409407825301,52.134710144852,8001,592628,119,REX,0.302,R3,0.233,0.112,1,1
0.007153,8001592628000120,225.412517179255,52.136676845089,8001,592628,120,PSF,0.001,P3,1.007,0.222,1,1
0.007304,8001592628000130,225.399816175395,52.134868059385,8001,592628,130,PSF,0.184,P2,0.517,1.37,1,0
0.006128,8001592628000131,225.401354489556,52.135786565356,8001,592628,131,PSF,0.003,P3,1.117,0.29,1,1
0.006926,8001592628000170,225.414968583037,52.139660452566,8001,592628,170,EXP,0.002,E3,0.312,0.054,1,1
0.007919,8001592628000171,225.415814995357,52.138260700092,8001,592628,171,EXP,0.464,E8,0.329,0.086,1,1
0.00431,8001592628000176,225.404980823271,52.137385482146,8001,592628,176,PSF,0.001,P7,1.535,0.58,1,0
4.87E-4,8001592628000198,225.404960098007,52.141661251961,8001,592628,198,DEV,0.007,D6,0.752,0.073,0,0
0.002384,8001592628000200,225.402848130765,52.139424454286,8001,592628,200,REX,0.001,R6,0.971,0.113,1,1
8.52E-4,8001592628000202,225.405137577337,52.141058067415,8001,592628,202,REX,0.971,R5,1.039,0.351,0,0
0.003857,8001592628000241,225.410098703962,52.142940604297,8001,592628,241,REX,0.061,R4,0.813,0.113,1,1
0.004072,8001592628000242,225.410801919342,52.141694104839,8001,592628,242,PSF,0.0,P2,1.46,0.345,1,1
0.007276,8001592628000249,225.415879129033,52.142797282317,8001,592628,249,EXP,0.007,E8,0.481,0.055,1,1
0.008048,8001592628000250,225.417280999562,52.141627794643,8001,592628,250,REX,0.012,R2,0.639,0.441,1,0
0.006613,8001592628000192,225.394442800723,52.138817355619,8001,592628,192,PSF,0.01,P7,1.332,0.568,1,0
0.003372,8001592628000199,225.407408897475,52.144388931461,8001,592628,199,REX,0.019,R4,0.903,0.1,1,1
7.12E-4,8001592628000201,225.404525574846,52.142343530919,8001,592628,201,EXP,0.32,E4,0.181,0.082,0,0
8.4E-4,8001592628000203,225.403328489478,52.141002729812,8001,592628,203,REX,0.041,R9,0.178,0.141,0,0
0.005184,8001592628000219,225.396360920462,52.139686828009,8001,592628,219,PSF,0.248,P3,0.864,0.19,1,0
0.004729,8001592628000275,225.400572234045,52.145849444416,8001,592628,275,REX,0.019,R6,1.06,0.106,1,1
0.003708,8001592628000276,225.40101467577,52.144830733533,8001,592628,276,REX,0.411,R8,0.842,0.104,1,1
0.005818,8001592628000277,225.396057772096,52.144681277377,8001,592628,277,PSF,0.087,P2,0.342,0.334,0,0
0.007174,8001592628000354,225.398585931089,52.147971012834,8001,592628,354,PSF,0.038,P4,1.432,0.861,1,0
0.00795,8001592628000376,225.407819502028,52.149293882408,8001,592628,376,DEV,0.002,D0,0.956,0.051,1,1
0.00807,8001592628000377,225.406113328342,52.149647436579,8001,592628,377,REX,0.017,R7,0.344,0.178,1,1
