_r,id,RAJ2000,DEJ2000,release,brickid,objid,type,pstar,gmmcomp,zphot,e_zphot,fclean,fqual
0.008332,8001549027000728,181.387837775401,41.173126446208,8001,549027,728,REX,0.001,R4,0.727,0.069,1,1
0.007594,8001549027000752,181.396059574755,41.17129632887,8001,549027,752,REX,0.044,R4,0.711,0.082,1,1
0.006695,8001549027000760,181.392406935207,41.172710470496,8001,549027,760,DEV,0.003,D9,0.719,0.072,1,1
0.006073,8001549027000836,181.389036669933,41.17561580297,8001,549027,836,DEV,0.001,D9,0.725,0.061,1,1
0.005095,8001549027000837,181.389276485022,41.177624011445,8001,549027,837,REX,0.022,R6,0.951,0.087,1,1
0.003815,8001549027000838,181.39148428619,41.176930146072,8001,549027,838,PSF,0.999,P4,2.473,2.229,1,0
0.005349,8001549027000915,181.38920059422,41.180809441203,8001,549027,915,REX,0.003,R6,0.615,0.111,1,1
0.007312,8001549027000691,181.401966857138,41.173219149222,8001,549027,691,REX,0.087,R7,0.43,0.12,1,1
0.007081,8001549027000767,181.399393648886,41.172334075528,8001,549027,767,REX,0.066,R6,0.71,0.118,1,1
0.001219,8001549027000811,181.3974469679,41.178996588363,8001,549027,811,DEV,0.011,D8,0.621,0.022,0,0
0.005475,8001549027000812,181.402357944256,41.181310449605,8001,549027,812,REX,0.0,R4,0.693,0.049,1,1
0.005146,8001549027000813,181.402632113949,41.179429055212,8001,549027,813,REX,0.001,R4,0.707,0.055,1,1
0.001731,8001549027000814,181.396931721319,41.180409364244,8001,549027,814,REX,0.683,R3,0.333,0.065,1,1
0.003378,8001549027000815,181.399320283983,41.176761967169,8001,549027,815,DEV,0.004,D0,0.726,0.055,1,1
6.57E-4,8001549027000816,181.395035328176,41.179156116861,8001,549027,816,REX,0.001,R4,0.72,0.06,0,0
0.002679,8001549027000817,181.399328621991,41.178383038351,8001,549027,817,REX,0.003,R3,0.608,0.068,0,0
0.003847,8001549027000818,181.400845894251,41.178136043327,8001,549027,818,PSF,0.0,P3,0.681,0.214,0,0
0.004542,8001549027000820,181.401866728163,41.178790154737,8001,549027,820,PSF,0.013,P2,0.883,0.557,1,0
0.004459,8001549027000821,181.399172833807,41.17520569075,8001,549027,821,REX,0.407,R6,0.71,0.2,1,1
0.00189,8001549027000822,181.398242231331,41.178355189446,8001,549027,822,EXP,0.001,E0,0.233,0.15,0,0
6.87E-4,8001549027000823,181.396680951314,41.179144651156,8001,549027,823,DEV,0.002,D6,0.641,0.113,0,0
0.006648,8001549027000825,181.404521500427,41.180085579699,8001,549027,825,PSF,0.0,P9,1.136,0.429,1,0
0.005115,8001549027000826,181.402354479436,41.177447888015,8001,549027,826,PSF,0.019,P9,1.355,0.706,0,0
0.005621,8001549027000827,181.400464684442,41.174480020276,8001,549027,827,PSF,0.002,P9,0.713,0.306,1,1
0.00779,8001549027000895,181.406183601912,41.178939154127,8001,549027,895,REX,0.004,R7,0.819,0.276,1,1
0.003356,8001549027000928,181.394190319851,41.182009247727,8001,549027,928,PSF,0.191,P8,1.106,0.672,1,0
0.006498,8001549027000950,181.392332384834,41.184828466819,8001,549027,950,REX,0.02,R4,0.604,0.074,1,1
0.006344,8001549027000951,181.389849571273,41.183357073277,8001,549027,951,REX,0.001,R0,0.776,0.185,1,1
0.007377,8001549027000952,181.390225619643,41.18493961757,8001,549027,952,PSF,0.656,P7,0.837,0.435,0,0
0.005061,8001549027000961,181.396073166353,41.1839464574,8001,549027,961,REX,0.361,R4,0.651,0.096,1,1
0.007007,8001549027000965,181.401816491529,41.184257860783,8001,549027,965,REX,0.318,R4,0.757,0.089,1,1
0.006988,8001549027000981,181.39911083898,41.185427272589,8001,549027,981,REX,0.007,R4,0.799,0.112,1,1
