_r,id,RAJ2000,DEJ2000,release,brickid,objid,type,pstar,gmmcomp,zphot,e_zphot,fclean,fqual
0.007949,8000358665002828,238.569452842928,4.719671310681,8000,358665,2828,REX,0.057,R0,0.746,0.246,1,1
0.007014,8000358665002829,238.569709567627,4.720576334713,8000,358665,2829,REX,0.005,R0,0.723,0.405,1,0
0.006456,8000358665002849,238.567650370075,4.72187716472,8000,358665,2849,REX,0.0,R4,0.751,0.063,1,1
0.00755,8000358665002850,238.565573318509,4.72206719041,8000,358665,2850,REX,0.008,R4,0.716,0.06,1,1
0.006307,8000358665002853,238.566020673396,4.723404980898,8000,358665,2853,REX,0.004,R0,0.835,0.491,1,0
0.007273,8000358665002857,238.573656403051,4.720793279657,8000,358665,2857,REX,0.003,R4,0.842,0.077,1,1
0.004482,8000358665002891,238.572347557802,4.723279601282,8000,358665,2891,REX,0.006,R6,0.942,0.083,1,1
0.005169,8000358665002892,238.570979185966,4.722333396337,8000,358665,2892,PSF,0.001,P9,0.954,0.293,1,1
0.004976,8000358665002893,238.57160464453,4.722583511023,8000,358665,2893,REX,0.004,R8,0.988,0.13,1,1
0.004689,8000358665002912,238.574617976589,4.73028636914,8000,358665,2912,REX,0.005,R3,0.148,0.067,1,1
0.002939,8000358665002913,238.569743345817,4.724768647681,8000,358665,2913,DEV,0.001,D9,0.688,0.026,0,0
0.001796,8000358665002914,238.569035777059,4.727622798705,8000,358665,2914,DEV,0.25,D8,0.591,0.058,0,0
0.001406,8000358665002915,238.572174348979,4.727063600257,8000,358665,2915,DEV,0.001,D0,0.741,0.05,1,1
0.001895,8000358665002916,238.570195193674,4.725715089988,8000,358665,2916,PSF,0.003,P3,0.478,0.289,1,1
8.76E-4,8000358665002917,238.570139765979,4.726962526306,8000,358665,2917,REX,0.009,R6,0.722,0.164,1,1
0.003423,8000358665002918,238.574245674085,4.727888088407,8000,358665,2918,REX,0.001,R7,0.966,0.088,1,1
0.003746,8000358665002919,238.574334289992,4.726135807302,8000,358665,2919,REX,0.003,R7,0.831,0.183,1,1
0.001873,8000358665002920,238.572006427557,4.728963663885,8000,358665,2920,REX,0.001,R4,0.764,0.069,0,0
0.004726,8000358665002921,238.575172041544,4.729407728453,8000,358665,2921,DEV,0.002,D6,0.618,0.076,0,0
0.004116,8000358665002922,238.574863701511,4.728398986745,8000,358665,2922,REX,0.007,R6,0.87,0.055,0,0
0.002741,8000358665002923,238.572452910469,4.729714923618,8000,358665,2923,REX,0.002,R0,0.672,0.13,0,0
0.002889,8000358665002924,238.571415957949,4.724669697403,8000,358665,2924,PSF,0.015,P5,1.912,0.51,0,0
0.001451,8000358665002925,238.569377481603,4.727522876191,8000,358665,2925,EXP,0.0,E6,0.894,0.137,0,0
0.002298,8000358665002926,238.568527494551,4.727453986754,8000,358665,2926,EXP,0.001,E5,1.064,0.299,0,0
0.003412,8000358665002927,238.569330908628,4.724434591875,8000,358665,2927,DEV,0.003,D5,0.582,0.215,0,0
0.003354,8000358665002928,238.570894042622,4.724146795278,8000,358665,2928,PSF,0.313,P5,1.505,0.549,0,0
0.004411,8000358665002936,238.566898552394,4.725481026298,8000,358665,2936,REX,0.005,R0,0.828,0.16,1,1
0.004992,8000358665002937,238.567206225882,4.724057184724,8000,358665,2937,PSF,0.016,P5,0.584,0.508,1,0
0.007155,8000358665002938,238.564268170966,4.724604667959,8000,358665,2938,PSF,0.998,P4,1.756,1.366,1,0
0.005759,8000358665002940,238.565171184128,4.726348021305,8000,358665,2940,EXP,0.002,E5,0.86,0.226,1,1
0.007257,8000358665002952,238.577582833187,4.724776872562,8000,358665,2952,PSF,0.597,P2,0.515,0.078,1,0
0.007108,8000358665003020,238.577828935173,4.728886957442,8000,358665,3020,REX,0.001,R5,1.015,0.125,0,0
0.004291,8000358665003056,238.567582333759,4.730313070591,8000,358665,3056,PSF,0.015,P6,0.544,0.159,1,1
0.006457,8000358665003122,238.570679176663,4.733955245518,8000,358665,3122,PSF,0.004,P0,1.008,0.702,1,0
0.007133,8000358665003116,238.567543715195,4.733834916337,8000,358665,3116,PSF,0.354,P3,0.999,0.185,1,0
